5795436
5138018
5465640
5591482
5101319
5752200
5650596
5522577
5530857
5486597
5892089
5812083
5714472
5407359
5519825
5852997
5978780
5035064
5208400
5781268
5319840
5854522
5010438
5709523
5400256
5232719
5671354
5931353
5699609
5648062
5902899
5048740
5768450
5492188
5169525
5537178
5105113
5948093
5391971
5041986
5623703
5484234
5020287
5229811
5177685
5753870
5919919
5865759
5942870
5425946
5379891
5280009
5422634
5586446
5207902
5412538
5271227
5799108
5403646
5119146
5567188
5449636
5522876
5038620
5175615
5218480
5003903
5226026
5536475
5046339
5868439
5015961
5887904
5361735
5288355
5054919
5958885
5116692
5612635
5120339
5147618
5528890
5251629
5355839
5729928
5483747
5213260
5098560
5700127
5348998
5606587
5626848
5203220
5459295
5097177
5706574
5866008
5285309
5050833
5710286